z3 7 1 19 19 19 2 1 8192 1 64
1 1000 
0 
yz 7 1 19 19 19 2 1 8192 1 64
1 0 
0 
xy 7 1 19 19 19 2 1 8192 1 64
1 0 
0 
x2y2 7 1 19 19 19 2 1 8192 1 64
1 0 
0 
solvent 2 2 6 0 0 2 1 11 1 64
1 "CDCl3"
0 
shims 2 2 1023 0 0 2 1 0 1 64
1 "2.5mm_DR_Apex_100104_newshimunit"
0 
probe 2 2 8 0 0 2 1 8 1 64
1 "3.2_MM_PENCIL"
0 
x1 7 1 19 19 19 2 1 8192 1 64
1 0 
0 
x3 7 1 19 19 19 2 1 8192 1 64
1 0 
0 
x4 7 1 19 19 19 2 1 8192 1 64
1 0 
0 
y1 7 1 19 19 19 2 1 8192 1 64
1 0 
0 
xz 7 1 19 19 19 2 1 8192 1 64
1 0 
0 
xz2 7 1 19 19 19 2 1 8192 1 64
1 0 
0 
y3 7 1 19 19 19 2 1 8192 1 64
1 0 
0 
y4 7 1 19 19 19 2 1 8192 1 64
1 0 
0 
z1c 7 1 19 19 19 2 1 8192 1 64
1 0 
0 
z1 7 1 19 19 19 2 1 8192 1 64
1 1500 
0 
yz2 7 1 19 19 19 2 1 8192 1 64
1 0 
0 
z2x2y2 7 1 19 19 19 2 1 8192 1 64
1 0 
0 
z2c 7 1 19 19 19 2 1 8192 1 64
1 0 
0 
z2 7 1 19 19 19 2 1 8192 1 64
1 3600 
0 
z2xy 7 1 19 19 19 2 1 8192 1 64
1 0 
0 
z2x3 7 1 19 19 19 2 1 8192 1 64
1 0 
0 
z2y3 7 1 19 19 19 2 1 8192 1 64
1 0 
0 
z5 7 1 19 19 19 2 1 8192 1 64
1 0 
0 
z3y3 7 1 19 19 19 2 1 8192 1 64
1 0 
0 
z3x3 7 1 19 19 19 2 1 8192 1 64
1 0 
0 
z3x 7 1 19 19 19 2 1 8192 1 64
1 0 
0 
z3c 7 1 19 19 19 2 1 8192 1 64
1 0 
0 
z3x2y2 7 1 19 19 19 2 1 8192 1 64
1 0 
0 
z3xy 7 1 19 19 19 2 1 8192 1 64
1 0 
0 
z3y 7 1 19 19 19 2 1 8192 1 64
1 0 
0 
z4x 7 1 19 19 19 2 1 8192 1 64
1 0 
0 
z4 7 1 19 19 19 2 1 8192 1 64
1 0 
0 
z4c 7 1 19 19 19 2 1 8192 1 64
1 0 
0 
z4xy 7 1 19 19 19 2 1 8192 1 64
1 0 
0 
z4x2y2 7 1 19 19 19 2 1 8192 1 64
1 0 
0 
z4y 7 1 19 19 19 2 1 8192 1 64
1 0 
0 
z6 7 1 19 19 19 2 1 8192 1 64
1 0 
0 
z5x 7 1 19 19 19 2 1 8192 1 64
1 0 
0 
z5y 7 1 19 19 19 2 1 8192 1 64
1 0 
0 
zx2y2 7 1 19 19 19 2 1 8192 1 64
1 0 
0 
z8 7 1 19 19 19 2 1 8192 1 64
1 0 
0 
z7 7 1 19 19 19 2 1 8192 1 64
1 0 
0 
zxy 7 1 19 19 19 2 1 8192 1 64
1 0 
0 
zx3 7 1 19 19 19 2 1 8192 1 64
1 0 
0 
zy3 7 1 19 19 19 2 1 8192 1 64
1 0 
0 
